5041.3766753972	-1.92333336671193
13789.0109957668	-2.05666661262512
12689.2002089188	-2.23999993006388
14466.644386046	-2.34666665395101
12750.9755843016	-2.4233333269755
14874.7182406944	-2.68333331743876
11371.4899845244	-2.37333329518636
11757.0559209508	-1.51666665077209
10926.5319465264	-0.686666667461395
11024.4715152548	0.0766666680574417
9806.80228514	0.419999986886978
10843.5040191632	0.089999998609225
8845.0131432756	-0.39999999354283
11450.568444094	-0.660000006357829
10859.3304399064	-0.830000003178914
13276.0610869388	-0.863333324591319
9153.5836007528	-0.863333344459534
10309.4863870772	-0.973333319028219
11579.6786964	-1.01333334048589
11210.2604928512	-0.966666678587596
12580.9001482524	-1.07333330313365
12469.8658257704	-1.14000002543132
13026.960169444	-0.813333332538605
12779.3699285972	-0.526666661103566
13369.977119154	-0.363333334525426
13201.1088429044	-0.263333325584729
13597.3986697408	-0.623333334922791
12907.3766739104	-0.81333331267039
14238.5242444956	-0.699999988079071
12910.2061346204	-0.350000003973643
13843.0449164224	-0.266666665673256
11094.8907125692	0.176666670789321
11997.6756658716	0.743333319822947
10971.3028989536	1.48000001907349
7200.0068891684	1.69666667779287
9534.6799256808	1.51333332061768
8976.9448445744	0.229999999205271
10323.9740806184	-0.886666655540466
11552.0519947828	-2.81333341201146
10022.1430301076	-2.40000001589457
9955.823954376	-4.72333319981893
8620.2641420016	-5.13666661580404
8289.5506360288	-6.70000012715658
8627.4564660368	-8.35000006357829
10317.0222844996	-8.80666669209798
11375.8361188136	-10.3699998855591
13013.7467517896	-10.7366666793823
13481.9907156616	-12.2233327229818
15824.3926718956	-12.3333333333333
15018.34653867	-13.0766665140788
16225.6830522328	-12.3266665140788
16237.0288622132	-11.8233331044515
14874.5800826728	-11.636666615804
13362.4121395496	-10.7533334096273
14520.857613102	-9.47666676839193
14100.8665111488	-9.18333307902018
14008.6488459484	-9.30666669209798
16866.851774116	-9.43666648864746
17435.104179058	-9.76666704813639
16427.6850526916	-9.61333338419596
16146.5166688352	-9.66333325703939
17986.8187431732	-9.59333356221517
17038.2353781304	-9.52000013987223
17069.9650858352	-9.42999998728434
17109.062292726	-9.29666678110758
15134.8198256036	-8.85333315531413
17388.7240615792	-8.3133331934611
15958.2817232924	-7.92999982833862
16673.475229134	-7.66333325703939
17830.5144533692	-7.32000001271566
17918.6329178856	-6.82333342234294
17271.0935286528	-6.32333326339722
17777.1611809928	-5.6966667175293
17290.8250768848	-5.36999988555908
17173.5443718828	-4.99333333969116
16191.646011942	-4.89666668574015
16298.051669816	-5.49666674931844
16544.941824902	-6.25333325068156
17705.181654924	-6.48333326975505
14488.159400326	-6.28666671117147
14125.3223497244	-6.22333335876465
11385.9221784736	-5.82333326339722
12170.2087757568	-5.22666660944621
13646.419573542	-4.80666669209798
13470.8368760608	-4.34999990463257
13903.320918772	-4.14999993642171
13232.4592975968	-4.84333340326945
14478.0171341076	-4.91666682561239
12258.1243528584	-5.69999996821086
16837.2589975756	-5.91333325703939
15633.926771728	-7.6200000445048
17409.4283665756	-8.75666681925456
18562.7321516356	-7.73000001907349
17210.1580825804	-6.73000001907349
17259.8689900236	-7.73000001907349
17986.0585792576	-8.72999954223633
18221.246312018	-8.72999954223633
18502.9807326852	-9.72999954223633
19189.6350333356	-9.72999954223633
18428.8795042316	-9.72999954223633
18272.3409673208	-11.4200000762939
17777.1503850836	-11.2199999491374
17814.7962121332	-10
15579.4286092344	-8.93333307902018
15758.158737506	-7.78333314259847
16782.1305793132	-7.07999992370606
16280.9584195348	-6.1833332379659
15493.8811119668	-5.29333337148031
14305.836681036	-4.91666666666667
15567.3689082	-4.94000005722046
13687.5913658272	-5.31333335240682
14769.7918963644	-5.27666664123535
13722.8668918308	-5.00666666030884
12776.6683428232	-3.74000000953674
12267.1882803608	-2.86666663487752
11262.195237146	-2.73333326975505
13002.297511806	-2.91666666666667
13791.5913733116	-2.58999991416931
14500.2564549128	-2.26999990145365
13308.0448572816	-1.9533333381017
14561.0784758692	-1.91666666666667
15543.3740901932	-1.80000003178914
16267.600955088	-1.4533333381017
14134.057916924	-0.639999985694885
15645.0030784056	-0.0200000007947286
15148.8998295008	0.106666666766008
12190.0953523032	-0.136666664853692
11043.4041375452	0.066666666418314
11884.7294339664	0.17333333628873
11090.6732451412	0.0633333306759596
9227.0124403556	0.1400000055631
10060.4696425988	0.146666668355465
10637.9431205036	-0.239999997119109
12322.5501664292	-0.62666666507721
12699.6545608824	-0.800000011920929
12692.006739624	-1.79999995231628
14266.351874016	-1.79999995231628
14498.8366968052	-2.21000003814697
14191.6557940704	-3
14163.2946338632	-2.73000001907349
15048.5963623444	-3.80999994277954
14791.4383262128	-5.80999994277954
14270.8272207452	-4.85333331425985
14687.8103393244	-5.1299999554952
15506.2818464956	-4.87999979654948
13901.1434172216	-4.82000017166138
15281.0711825144	-5.80000019073486
14916.2837948396	-5.80000019073486
16000.1560201052	-5.91000016530355
13464.3321020984	-6.69333346684774
13412.2682613716	-7.43666664759318
13769.0927323176	-7.78666671117147
13847.8381336016	-7.59666665395101
11560.6960030096	-7.17666657765706
10213.1038094848	-6.42000007629395
12170.0727690012	-5.8600001335144
14041.0465679788	-5.58333333333333
14261.0501910432	-5.47000010808309
3147.0353948744	-5.73999993006388
10006.0384907616	-6.16000000635783
12660.5108528672	-6.32000001271566
14749.822894428	-10.0933332443237
15160.2503364404	-11.5133333206177
16099.4504353472	-11.9466667175293
17571.6343040676	-11.8799997965495
16930.5819395732	-10.7299995422363
17593.0317981492	-11.7666664123535
40784.4900396364	-13.3399998346965
19516.8170428796	-14.6966663996379
19525.185304526	-14.3733329772949
20965.187075968	-14.7566668192546
19313.698064852	-13.8200000127157
21394.4663079436	-13.0599997838338
19302.8353459624	-12.6066668828328
20558.1318636836	-11.386666615804
19455.5215478956	-10.2000001271566
18718.9003128756	-9.01333332061768
18479.4561322932	-8.53666655222575
17993.381010018	-8.28333314259847
16673.9510830316	-8.19999980926514
15994.0396869888	-8.42000007629395
32080.1442228632	-8.34333356221517
17824.1765343956	-8.5533332824707
15278.411133746	-8.53333346048991
1972.8586865076	-8.62333329518636
30530.8758462188	-8.49666659037272
16279.087905178	-8.45666694641113
18109.9216064992	-8.31000010172526
15902.2303218392	-8.60999997456869
17685.5025726748	-8.42333348592122
17131.1622633568	-8.79333305358887
17189.2114430136	-9.72999954223633
17885.0787325752	-9.72999954223633
16711.9711160632	-10.7299995422363
20427.1393699768	-12.7299995422363
19690.0582000864	-15.7299995422363
20886.327701942	-17.25
21719.241338124	-18.410000483195
22077.5005963552	-16.4133335749308
20664.1294688768	-12.7799997329712
21009.5972950364	-10.9199997584025
20310.6568095684	-9.78000005086263
19472.639074898	-9.08666674296061
15161.8246161804	-8.12666686375936
13577.5227178212	-7.94666655858358
13980.0039595164	-8.86999988555908
15865.152864726	-11.1466665267944
16363.714784112	-13.0866667429606
16505.4027186316	-16.2366669972738
16509.8249296024	-20.0866673787435
18458.2725347856	-17.5999997456868
20643.5380727608	-15.2166668574015
20482.6906664012	-16.0033334096273
20389.6050764304	-20.6466668446859
22469.7907177924	-20.9699999491374
23042.0376968268	-22.0933329264323
23308.1125766472	-21.1433334350586
24473.8405376996	-21.2199999491374
23577.0626444604	-19.2333329518636
24276.1633120688	-18.1733334859212
24495.306597286	-17.0833339691162
22250.8014881284	-15.8900000254313
20952.4212744992	-14.3700002034505
22636.6749310548	-12.1999998092651
21428.737584764	-9.94000021616618
19849.4037812084	-7.81999985376994
18389.32048007	-6.21666669845581
15516.5791311336	-5.73000001907349
16240.4691998968	-5.26333332061768
15394.524184108	-5.50000015894572
17166.3358282232	-6.25666666030884
14662.3566012976	-6.5
16155.7667519868	-6.90333334604899
14913.8390367884	-6.92333332697551
16536.8810356356	-6.67999998728434
16973.0602982308	-6.47333335876465
16760.5501235556	-6.58666658401489
16947.7362001676	-6.55000003178914
19201.486529012	-6.27666664123535
18601.9100062644	-5.98000001907349
17992.583514728	-5.92666673660278
17207.9605450836	-5.98999993006388
17960.4460450448	-6.3066668510437
17738.3913974696	-6.11666679382324
17430.0931090908	-5.94999996821086
18115.2647524372	-5.50666681925456
17578.3397333144	-4.83333349227905
16551.6439223308	-3.45666662851969
16030.2323916888	-2.02333331108093
15466.9626579556	-1.33666670322418
14043.5623396448	-0.679999987284342
12969.2331907476	-0.476666659116745
13970.3373660184	-0.463333328564962
13963.2310881876	-0.540000001589457
12406.057716244	-0.503333330154419
12402.7198883472	-0.783333321412404
12186.6132633404	-1.05333334207535
10126.8318224676	-5.19333338737488
11632.926673774	-8.69000021616618
14681.3563406988	-11.396666208903
16661.788683868	-14.6299997965495
17582.5081488068	-15.7299995422363
20344.2133918088	-16.75
20711.2136825812	-17.8166669209798
22830.3226321124	-20.4733333587646
24364.3063774464	-21.6500002543132
25492.6668054288	-23.056666692098
26222.6473221704	-24.1500002543132
28058.0301322016	-25.6500002543132
28843.2981987912	-25.9133332570394
28364.963971334	-25.9633337656657
28255.644833956	-25.9033336639404
28450.596590154	-25.7833334604899
26529.7884068652	-25.396666208903
26147.9667385052	-25.3299999237061
25930.534682178	-25.0033327738444
27210.4901203736	-24.9933338165283
27418.81122092	-25.1966667175293
29624.8278291048	-25.5166664123535
28990.814979496	-25.4800001780192
28093.7375303992	-25.7666670481364
29916.7841704952	-26.2133337656657
26269.2936189816	-26.6099993387858
29287.5816434452	-26.7566668192546
32105.4007329596	-27.3433329264323
33516.6276654668	-27.7600002288818
33536.379537618	-28.7000001271566
35638.2567519768	-28.9633331298828
33958.444957806	-30.6433327992757
33708.4856230788	-30.7299995422363
33060.8092891316	-30.7299995422363
33678.9617239	-31.7666664123535
31660.6190902436	-31.2966664632161
32424.1868555992	-29.5999997456868
31821.2333597612	-26.3833338419596
30624.9850911228	-24.4966665903727
23983.5950301844	-22.5633335113525
22850.5466428344	-21.3999996185303
23358.4948275044	-20.4166666666667
25351.679287634	-19.7766666412354
20282.8855305928	-19.0400002797445
22424.6026401764	-19.2266667683919
21216.0501710192	-19.5166670481364
22405.027031604	-20.2666664123535
20609.9927020112	-20.4733327229818
19922.618285454	-20.7433325449626
20732.4988205264	-20.7866662343343
22419.057593574	-20.5166670481364
21990.49128808	-20.5600001017253
23567.6055109128	-20.4949998855591
