-1.92333336671193
-2.05666661262512
-2.23999993006388
-2.34666665395101
-2.4233333269755
-2.68333331743876
-2.37333329518636
-1.51666665077209
-0.686666667461395
0.0766666680574417
0.419999986886978
0.089999998609225
-0.39999999354283
-0.660000006357829
-0.830000003178914
-0.863333324591319
-0.863333344459534
-0.973333319028219
-1.01333334048589
-0.966666678587596
-1.07333330313365
-1.14000002543132
-0.813333332538605
-0.526666661103566
-0.363333334525426
-0.263333325584729
-0.623333334922791
-0.81333331267039
-0.699999988079071
-0.350000003973643
-0.266666665673256
0.176666670789321
0.743333319822947
1.48000001907349
1.69666667779287
1.51333332061768
0.229999999205271
-0.886666655540466
-2.81333341201146
-2.40000001589457
-4.72333319981893
-5.13666661580404
-6.70000012715658
-8.35000006357829
-8.80666669209798
-10.3699998855591
-10.7366666793823
-12.2233327229818
-12.3333333333333
-13.0766665140788
-12.3266665140788
-11.8233331044515
-11.636666615804
-10.7533334096273
-9.47666676839193
-9.18333307902018
-9.30666669209798
-9.43666648864746
-9.76666704813639
-9.61333338419596
-9.66333325703939
-9.59333356221517
-9.52000013987223
-9.42999998728434
-9.29666678110758
-8.85333315531413
-8.3133331934611
-7.92999982833862
-7.66333325703939
-7.32000001271566
-6.82333342234294
-6.32333326339722
-5.6966667175293
-5.36999988555908
-4.99333333969116
-4.89666668574015
-5.49666674931844
-6.25333325068156
-6.48333326975505
-6.28666671117147
-6.22333335876465
-5.82333326339722
-5.22666660944621
-4.80666669209798
-4.34999990463257
-4.14999993642171
-4.84333340326945
-4.91666682561239
-5.69999996821086
-5.91333325703939
-7.6200000445048
-8.75666681925456
-7.73000001907349
-6.73000001907349
-7.73000001907349
-8.72999954223633
-8.72999954223633
-9.72999954223633
-9.72999954223633
-9.72999954223633
-11.4200000762939
-11.2199999491374
-10
-8.93333307902018
-7.78333314259847
-7.07999992370606
-6.1833332379659
-5.29333337148031
-4.91666666666667
-4.94000005722046
-5.31333335240682
-5.27666664123535
-5.00666666030884
-3.74000000953674
-2.86666663487752
-2.73333326975505
-2.91666666666667
-2.58999991416931
-2.26999990145365
-1.9533333381017
-1.91666666666667
-1.80000003178914
-1.4533333381017
-0.639999985694885
-0.0200000007947286
0.106666666766008
-0.136666664853692
0.066666666418314
0.17333333628873
0.0633333306759596
0.1400000055631
0.146666668355465
-0.239999997119109
-0.62666666507721
-0.800000011920929
-1.79999995231628
-1.79999995231628
-2.21000003814697
-3
-2.73000001907349
-3.80999994277954
-5.80999994277954
-4.85333331425985
-5.1299999554952
-4.87999979654948
-4.82000017166138
-5.80000019073486
-5.80000019073486
-5.91000016530355
-6.69333346684774
-7.43666664759318
-7.78666671117147
-7.59666665395101
-7.17666657765706
-6.42000007629395
-5.8600001335144
-5.58333333333333
-5.47000010808309
-5.73999993006388
-6.16000000635783
-6.32000001271566
-10.0933332443237
-11.5133333206177
-11.9466667175293
-11.8799997965495
-10.7299995422363
-11.7666664123535
-13.3399998346965
-14.6966663996379
-14.3733329772949
-14.7566668192546
-13.8200000127157
-13.0599997838338
-12.6066668828328
-11.386666615804
-10.2000001271566
-9.01333332061768
-8.53666655222575
-8.28333314259847
-8.19999980926514
-8.42000007629395
-8.34333356221517
-8.5533332824707
-8.53333346048991
-8.62333329518636
-8.49666659037272
-8.45666694641113
-8.31000010172526
-8.60999997456869
-8.42333348592122
-8.79333305358887
-9.72999954223633
-9.72999954223633
-10.7299995422363
-12.7299995422363
-15.7299995422363
-17.25
-18.410000483195
-16.4133335749308
-12.7799997329712
-10.9199997584025
-9.78000005086263
-9.08666674296061
-8.12666686375936
-7.94666655858358
-8.86999988555908
-11.1466665267944
-13.0866667429606
-16.2366669972738
-20.0866673787435
-17.5999997456868
-15.2166668574015
-16.0033334096273
-20.6466668446859
-20.9699999491374
-22.0933329264323
-21.1433334350586
-21.2199999491374
-19.2333329518636
-18.1733334859212
-17.0833339691162
-15.8900000254313
-14.3700002034505
-12.1999998092651
-9.94000021616618
-7.81999985376994
-6.21666669845581
-5.73000001907349
-5.26333332061768
-5.50000015894572
-6.25666666030884
-6.5
-6.90333334604899
-6.92333332697551
-6.67999998728434
-6.47333335876465
-6.58666658401489
-6.55000003178914
-6.27666664123535
-5.98000001907349
-5.92666673660278
-5.98999993006388
-6.3066668510437
-6.11666679382324
-5.94999996821086
-5.50666681925456
-4.83333349227905
-3.45666662851969
-2.02333331108093
-1.33666670322418
-0.679999987284342
-0.476666659116745
-0.463333328564962
-0.540000001589457
-0.503333330154419
-0.783333321412404
-1.05333334207535
-5.19333338737488
-8.69000021616618
-11.396666208903
-14.6299997965495
-15.7299995422363
-16.75
-17.8166669209798
-20.4733333587646
-21.6500002543132
-23.056666692098
-24.1500002543132
-25.6500002543132
-25.9133332570394
-25.9633337656657
-25.9033336639404
-25.7833334604899
-25.396666208903
-25.3299999237061
-25.0033327738444
-24.9933338165283
-25.1966667175293
-25.5166664123535
-25.4800001780192
-25.7666670481364
-26.2133337656657
-26.6099993387858
-26.7566668192546
-27.3433329264323
-27.7600002288818
-28.7000001271566
-28.9633331298828
-30.6433327992757
-30.7299995422363
-30.7299995422363
-31.7666664123535
-31.2966664632161
-29.5999997456868
-26.3833338419596
-24.4966665903727
-22.5633335113525
-21.3999996185303
-20.4166666666667
-19.7766666412354
-19.0400002797445
-19.2266667683919
-19.5166670481364
-20.2666664123535
-20.4733327229818
-20.7433325449626
-20.7866662343343
-20.5166670481364
-20.5600001017253
-20.556666692098
-19.443333307902
-18.6333332061768
-18.7133331298828
-17.7299995422363
-17.7299995422363
-16.7299995422363
-16.3799991607666
-15.5200001398722
-14.5900001525879
-13.5900001525879
-12.5900001525879
-10.8000001907349
-9.26666673024496
-8.80000019073486
-7.80000019073486
-7.59000015258789
-6.80000019073486
-6.80000019073486
-6.80000019073486
-6.80000019073486
-6.59000015258789
-6.73000001907349
-6.73000001907349
-6.39666668574015
-5.73000001907349
-5.38666661580404
-5.69999996821086
-5.62666670481364
-6.04666662216187
-7.89666652679443
-8.82333374023438
-8.8233331044515
-8.35000006357829
-7.59999990463257
-6.83333333333333
-6.0133334795634
-5.22333335876465
-4.70999987920125
-4.26333332061768
-5.59666681289673
-6.40666675567627
-8.90000009536743
-10.1299997965495
-11.8166666030884
-12.6099996566772
-12.3299999237061
-14.7166668574015
-16.0400002797445
-14.5600001017253
-14.0866667429606
-12.6866664886475
-15.8166662851969
-14.5466667811076
-13.6766668955485
-14.5800002415975
-12.6600001653035
-10.5666666030884
-8.30000019073486
-7.35666656494141
-7.85666672388713
-6.89666652679443
-6.3700000445048
-7.3799999554952
-6.91000000635783
-3.7400000890096
-3.12333329518636
-5.70333337783814
-4.48999977111816
-0.639999990661939
2.4933332602183
2.21000003814697
1.87333333492279
1.35333333412806
0.979999999205271
-0.40666667620341
0.639999985694885
-3.15666656692823
-0.123333295186361
1.4099999666214
1.20000004768372
1.4099999666214
2.41000008583069
2.67333340644836
3.20000004768372
4.19999980926514
5
5
5.40999984741211
4.78999996185303
2.57333326339722
1.45000000794729
1.10999997456868
0.200000007947286
-0.369999997317791
-1.83000000317891
-2.89333335558573
-4.25333340962728
-5.0766666730245
-5.73000001907349
-6.46333328882853
-7.27333339055379
-7.02666680018107
-5.76333332061768
-4.45333321889242
-3.52999997138977
-2.5766666730245
-1.50333333015442
-0.803333342075348
-0.113333332041899
0.123333332439264
0.313333342472712
0.446666657924652
0.419999986886978
0.496666669845581
0.496666659911474
0.620000004768372
0.596666653951009
0.610000014305115
0.596666673819224
0.666666646798452
0.729999979337056
1.7966666618983
3.58000000317891
4.52999989191691
4.20000012715658
3.80000003178914
3.35666664441427
3.15333334604899
2.74999992052714
2.45666670799255
2.30333336194356
1.96666665871938
2.26333332061768
2.27666664123535
1.9699999888738
1.71666665871938
1.37999999523163
0.479999989271164
0.186666668703159
-0.156666666269302
-0.543333341677984
-1.14999999602636
-2.0833332935969
-2.70666670799255
-3.49666666984558
-4.06000018119812
-4.59666665395101
-4.64666652679443
-5.94333330790202
-7.0133334795634
-8.07666651407878
-7.91000000635783
-7.46999994913737
-6.72333335876465
-5.12666670481364
-4.00333325068156
-2.2100000778834
-0.796666671832403
0.10000000273188
0.0399999991059303
-0.683333327372869
-1.26666669050852
-1.42000003655752
-1.26499998569489
-1.84500002861023
-2.01333332061768
-2.69333330790202
-3.19333338737488
-3.59333332379659
-3.3266666730245
-3.21333328882853
-3.48999993006388
-3.71666661898295
-2.70999995867411
-1.83999999364217
-0.709999998410543
0.269999990860621
1.59666665395101
2.20333337783813
2.31333331267039
2.48000004887581
2.53000005086263
2.55666669209798
1.84999998410543
0.656666686137517
-0.426666662096977
-1.16999999682109
-1.7033333381017
-2.19333334763845
-2.82000001271566
-3.20666662851969
-3.59333324432373
-3.75
-3.72000002861023
-3.61000005404154
-4.00333333015442
-3.90666675567627
-3.35333339373271
-1.98333334922791
-0.329999993244807
1.41999999682109
2.27666672070821
2.91999999682109
3.25
3.25666666030884
2.65333334604899
2.34666665395101
1.76000003019969
1.51333336035411
1.41333333651225
1.3633333047231
1.47000002861023
